149 111 237 155 21 85 108 76 236 75 193 84 22 138 89 55 
51 145 13 153 148 163 86 59 204 175 91 117 126 70 144 10 
248 146 201 0 97 208 23 214 147 234 66 65 226 57 210 224 
172 40 154 87 178 235 135 220 110 121 96 8 9 53 241 105 
143 169 182 139 112 16 183 67 233 39 197 74 166 218 231 242 
161 159 192 37 177 228 47 119 14 18 244 56 3 195 239 219 
33 167 26 180 54 61 58 222 4 30 191 34 107 249 142 150
95 42 124 25 232 181 120 93 5 68 6 48 129 41 104 73 
188 165 212 160 250 141 123 216 94 238 81 202 7 122 196 17 
207 102 184 189 243 72 206 12 200 225 164 176 247 1 2 254 
71 185 229 187 251 137 69 168 50 24 171 173 158 221 127 27 
252 114 152 82 209 38 203 128 215 213 36 174 134 179 90 118 
80 246 253 125 29 44 15 227 98 205 255 77 198 194 133 130 
79 103 78 49 19 140 109 211 223 63 64 151 62 217 170 83 
136 45 115 199 20 46 190 240 132 28 162 230 131 106 32 88 
157 31 43 156 113 186 35 101 52 60 11 100 116 245 99 92 
