174 255 161 109 254 40 95 67 33 124 133 58 224 238 129 56 
137 57 169 87 221 220 163 84 14 239 171 138 74 192 66 104 
8 250 43 115 126 88 212 103 62 82 143 4 117 226 28 155 
65 156 139 183 235 125 217 116 111 237 157 68 160 184 213 172 
170 132 73 2 1 232 92 249 136 106 175 5 9 140 38 191 
50 251 85 12 27 48 46 52 145 78 168 159 100 188 16 227 
26 198 244 205 178 72 142 162 51 246 241 128 194 177 122 20 
144 49 83 166 247 225 11 7 102 242 185 18 150 165 121 98 
93 197 70 151 75 118 202 216 108 207 15 112 99 35 101 69 
86 61 79 110 13 218 149 6 134 29 36 131 181 154 180 230 
77 193 164 17 211 3 209 105 94 206 44 19 60 123 10 31 
130 195 76 208 54 252 219 203 199 39 189 80 167 90 32 30 
233 64 245 182 120 231 127 47 22 135 55 114 234 41 21 81 
173 223 23 253 153 25 45 248 97 179 186 119 200 146 187 210 
0 228 24 190 141 236 63 201 96 113 240 147 229 91 107 214 
89 59 152 215 176 204 243 148 42 158 71 34 222 37 196 53 
