37 34 162 132 134 220 91 143 41 45 229 247 98 178 68 56 
212 97 70 15 58 72 216 208 14 96 214 217 133 179 28 154 
120 123 83 100 235 3 230 160 193 245 164 155 255 175 79 148 
227 219 23 95 111 11 87 104 163 203 189 29 156 173 211 64 
157 53 196 89 81 4 84 16 192 74 13 181 20 184 57 183 
90 119 93 207 38 131 94 60 116 1 213 122 5 101 144 117 
75 46 8 172 170 152 231 210 66 54 10 187 128 204 12 102 
243 115 137 147 159 233 59 221 253 112 165 198 105 222 234 153 
43 201 121 180 86 205 225 242 132 55 63 232 254 44 9 21 
136 65 114 31 40 49 0 36 169 22 249 35 62 17 174 248 
158 151 24 50 176 108 67 127 150 18 2 168 194 171 195 145 
99 25 80 224 33 200 197 118 161 61 142 77 190 209 48 139 
238 206 42 125 239 237 52 223 88 167 26 130 76 191 7 71 
215 27 126 6 251 51 241 129 135 246 244 146 32 177 73 82 
226 110 78 186 240 141 166 69 107 85 103 149 250 109 202 19 
113 140 138 39 185 228 106 47 252 199 188 92 218 30 236 124 
