24 252 144 121 17 42 77 127 2 35 173 21 129 58 105 113 
112 229 185 189 76 204 209 87 5 96 82 99 133 140 66 64 
192 107 194 220 16 68 183 171 219 51 92 13 152 86 135 123 
98 174 103 156 157 59 145 155 158 8 231 132 83 49 23 32 
85 69 251 36 233 238 222 149 37 248 26 18 125 11 137 253 
79 52 56 95 241 187 44 167 124 102 227 115 212 142 154 93 
247 211 33 28 67 10 147 225 215 210 246 160 131 73 65 57 
1 182 180 199 207 126 216 224 61 81 202 196 146 188 119 128 
50 30 91 161 89 12 195 74 235 223 226 172 245 7 218 159 
242 217 208 38 163 45 39 4 62 136 104 179 88 197 6 0 
141 190 243 214 109 162 60 165 198 228 221 164 106 101 203 236 
143 48 110 80 176 78 234 181 97 84 20 70 29 168 27 72 
71 90 255 19 254 114 25 230 47 43 100 178 40 41 249 186 
150 205 184 201 139 75 54 22 63 244 108 175 46 169 240 153 
151 116 122 232 166 117 14 94 111 206 237 177 200 31 170 120 
213 53 148 15 55 239 3 191 134 250 193 9 130 118 138 34
