nl2	ld	deg	AI	maxAC	sigma
226	114	7	4	56	324608
224	114	7	4	56	324608
222	118	7	4	56	324608
222	118	7	4	56	324608
224	118	7	4	56	324608
224	118	7	4	56	324608
222	114	7	4	56	324608
224	114	7	4	56	324608
224	114	7	4	56	324608
224	114	7	4	56	324608
224	118	7	4	56	324608
220	118	7	4	56	324608
222	118	7	4	56	324608
224	118	7	4	56	324608
222	114	7	4	56	324608
220	114	7	4	56	324608
222	118	7	4	56	324608
222	118	7	4	56	324608
220	114	7	4	56	324608
218	114	7	4	56	324608
226	114	7	4	56	324608
222	114	7	4	56	324608
218	118	7	4	56	324608
218	118	7	4	56	324608
224	118	7	4	56	324608
222	118	7	4	56	324608
218	114	7	4	56	324608
216	114	7	4	56	324608
224	114	7	4	56	324608
222	114	7	4	56	324608
216	118	7	4	56	324608
214	118	7	4	56	324608
226	118	7	4	56	324608
226	118	7	4	56	324608
224	114	7	4	56	324608
220	114	7	4	56	324608
226	114	7	4	56	324608
224	114	7	4	56	324608
224	118	7	4	56	324608
218	118	7	4	56	324608
224	118	7	4	56	324608
222	118	7	4	56	324608
220	114	7	4	56	324608
220	114	7	4	56	324608
226	114	7	4	56	324608
220	114	7	4	56	324608
222	118	7	4	56	324608
218	118	7	4	56	324608
224	114	7	4	56	324608
220	114	7	4	56	324608
220	118	7	4	56	324608
212	118	7	4	56	324608
220	118	7	4	56	324608
220	118	7	4	56	324608
216	114	7	4	56	324608
214	114	7	4	56	324608
224	114	7	4	56	324608
218	114	7	4	56	324608
218	118	7	4	56	324608
214	118	7	4	56	324608
222	118	7	4	56	324608
218	118	7	4	56	324608
216	114	7	4	56	324608
216	114	7	4	56	324608
214	114	7	4	56	324608
218	114	7	4	56	324608
216	118	7	4	56	324608
216	118	7	4	56	324608
212	118	7	4	56	324608
216	118	7	4	56	324608
210	114	7	4	56	324608
214	114	7	4	56	324608
218	114	7	4	56	324608
226	114	7	4	56	324608
218	118	7	4	56	324608
220	118	7	4	56	324608
216	118	7	4	56	324608
216	118	7	4	56	324608
214	114	7	4	56	324608
218	114	7	4	56	324608
214	118	7	4	56	324608
220	118	7	4	56	324608
210	114	7	4	56	324608
218	114	7	4	56	324608
210	114	7	4	56	324608
214	114	7	4	56	324608
210	118	7	4	56	324608
212	118	7	4	56	324608
220	118	7	4	56	324608
220	118	7	4	56	324608
214	114	7	4	56	324608
222	114	7	4	56	324608
218	114	7	4	56	324608
218	114	7	4	56	324608
214	118	7	4	56	324608
216	118	7	4	56	324608
216	118	7	4	56	324608
216	118	7	4	56	324608
214	114	7	4	56	324608
216	114	7	4	56	324608
214	114	7	4	56	324608
214	114	7	4	56	324608
210	118	7	4	56	324608
208	118	7	4	56	324608
222	118	7	4	56	324608
222	118	7	4	56	324608
222	114	7	4	56	324608
218	114	7	4	56	324608
214	114	7	4	56	324608
214	114	7	4	56	324608
214	118	7	4	56	324608
212	118	7	4	56	324608
218	114	7	4	56	324608
212	114	7	4	56	324608
212	118	7	4	56	324608
216	118	7	4	56	324608
204	118	7	4	56	324608
208	118	7	4	56	324608
210	114	7	4	56	324608
204	114	7	4	56	324608
218	114	7	4	56	324608
218	114	7	4	56	324608
218	118	7	4	56	324608
216	118	7	4	56	324608
216	118	7	4	56	324608
216	118	7	4	56	324608
214	114	7	4	56	324608
214	114	7	4	56	324608
210	118	7	4	56	324608
218	118	7	4	56	324608
214	114	7	4	56	324608
210	114	7	4	56	324608
216	114	7	4	56	324608
218	114	7	4	56	324608
220	118	7	4	56	324608
218	118	7	4	56	324608
218	118	7	4	56	324608
216	118	7	4	56	324608
216	114	7	4	56	324608
218	114	7	4	56	324608
222	114	7	4	56	324608
218	114	7	4	56	324608
216	118	7	4	56	324608
220	118	7	4	56	324608
214	114	7	4	56	324608
210	114	7	4	56	324608
216	118	7	4	56	324608
218	118	7	4	56	324608
216	118	7	4	56	324608
218	118	7	4	56	324608
220	114	7	4	56	324608
222	114	7	4	56	324608
220	114	7	4	56	324608
218	114	7	4	56	324608
222	118	7	4	56	324608
222	118	7	4	56	324608
218	118	7	4	56	324608
222	118	7	4	56	324608
222	114	7	4	56	324608
222	114	7	4	56	324608
216	114	7	4	56	324608
228	114	7	4	56	324608
210	118	7	4	56	324608
230	118	7	4	56	324608
218	118	7	4	56	324608
232	118	7	4	56	324608
218	114	7	4	56	324608
232	114	7	4	56	324608
218	114	7	4	56	324608
232	114	7	4	56	324608
218	118	7	4	56	324608
230	118	7	4	56	324608
216	118	7	4	56	324608
236	118	7	4	56	324608
224	114	7	4	56	324608
232	114	7	4	56	324608
210	118	7	4	56	324608
230	118	7	4	56	324608
218	114	7	4	56	324608
230	114	7	4	56	324608
218	114	7	4	56	324608
232	114	7	4	56	324608
222	118	7	4	56	324608
234	118	7	4	56	324608
218	118	7	4	56	324608
232	118	7	4	56	324608
222	114	7	4	56	324608
234	114	7	4	56	324608
222	114	7	4	56	324608
234	114	7	4	56	324608
220	118	7	4	56	324608
238	118	7	4	56	324608
214	118	7	4	56	324608
220	118	7	4	56	324608
216	114	7	4	56	324608
224	114	7	4	56	324608
216	114	7	4	56	324608
218	114	7	4	56	324608
218	118	7	4	56	324608
224	118	7	4	56	324608
212	118	7	4	56	324608
218	118	7	4	56	324608
218	114	7	4	56	324608
220	114	7	4	56	324608
214	114	7	4	56	324608
220	114	7	4	56	324608
218	118	7	4	56	324608
220	118	7	4	56	324608
212	114	7	4	56	324608
218	114	7	4	56	324608
216	118	7	4	56	324608
222	118	7	4	56	324608
216	118	7	4	56	324608
222	118	7	4	56	324608
220	114	7	4	56	324608
222	114	7	4	56	324608
212	114	7	4	56	324608
218	114	7	4	56	324608
214	118	7	4	56	324608
218	118	7	4	56	324608
214	118	7	4	56	324608
222	118	7	4	56	324608
214	114	7	4	56	324608
222	114	7	4	56	324608
216	114	7	4	56	324608
210	114	7	4	56	324608
214	118	7	4	56	324608
218	118	7	4	56	324608
216	118	7	4	56	324608
214	118	7	4	56	324608
214	114	7	4	56	324608
218	114	7	4	56	324608
212	114	7	4	56	324608
210	114	7	4	56	324608
216	118	7	4	56	324608
216	118	7	4	56	324608
216	118	7	4	56	324608
212	118	7	4	56	324608
212	114	7	4	56	324608
218	114	7	4	56	324608
218	118	7	4	56	324608
218	118	7	4	56	324608
218	114	7	4	56	324608
220	114	7	4	56	324608
220	114	7	4	56	324608
218	114	7	4	56	324608
216	118	7	4	56	324608
218	118	7	4	56	324608
216	118	7	4	56	324608
218	118	7	4	56	324608
220	114	7	4	56	324608
218	114	7	4	56	324608
214	114	7	4	56	324608
216	114	7	4	56	324608
218	118	7	4	56	324608
216	118	7	4	56	324608
214	118	7	4	56	324608
216	118	7	4	56	324608
212	114	7	4	56	324608
218	114	7	4	56	324608
216	114	7	4	56	324608
220	114	7	4	56	324608
216	118	7	4	56	324608
214	118	7	4	56	324608
212	118	7	4	56	324608
214	118	7	4	56	324608
210	114	7	4	56	324608
204	114	7	4	56	324608
216	114	7	4	56	324608
214	114	7	4	56	324608
216	118	7	4	56	324608
214	118	7	4	56	324608
216	114	7	4	56	324608
214	114	7	4	56	324608
210	118	7	4	56	324608
212	118	7	4	56	324608
218	118	7	4	56	324608
222	118	7	4	56	324608
214	114	7	4	56	324608
218	114	7	4	56	324608
210	114	7	4	56	324608
212	114	7	4	56	324608
210	118	7	4	56	324608
208	118	7	4	56	324608
212	118	7	4	56	324608
214	118	7	4	56	324608
212	114	7	4	56	324608
212	114	7	4	56	324608
218	114	7	4	56	324608
212	114	7	4	56	324608
218	118	7	4	56	324608
212	118	7	4	56	324608
224	118	7	4	56	324608
222	118	7	4	56	324608
224	114	7	4	56	324608
218	114	7	4	56	324608
214	114	7	4	56	324608
214	114	7	4	56	324608
214	118	7	4	56	324608
208	118	7	4	56	324608
218	118	7	4	56	324608
214	118	7	4	56	324608
218	114	7	4	56	324608
214	114	7	4	56	324608
218	118	7	4	56	324608
216	118	7	4	56	324608
216	114	7	4	56	324608
216	114	7	4	56	324608
224	114	7	4	56	324608
216	114	7	4	56	324608
222	118	7	4	56	324608
216	118	7	4	56	324608
214	118	7	4	56	324608
206	118	7	4	56	324608
210	114	7	4	56	324608
204	114	7	4	56	324608
220	114	7	4	56	324608
210	114	7	4	56	324608
218	118	7	4	56	324608
214	118	7	4	56	324608
206	118	7	4	56	324608
208	118	7	4	56	324608
214	114	7	4	56	324608
216	114	7	4	56	324608
206	114	7	4	56	324608
206	114	7	4	56	324608
214	118	7	4	56	324608
214	118	7	4	56	324608
208	118	7	4	56	324608
212	118	7	4	56	324608
216	114	7	4	56	324608
218	114	7	4	56	324608
206	114	7	4	56	324608
212	114	7	4	56	324608
216	118	7	4	56	324608
218	118	7	4	56	324608
214	114	7	4	56	324608
218	114	7	4	56	324608
214	118	7	4	56	324608
220	118	7	4	56	324608
212	118	7	4	56	324608
218	118	7	4	56	324608
214	114	7	4	56	324608
224	114	7	4	56	324608
214	114	7	4	56	324608
218	114	7	4	56	324608
216	118	7	4	56	324608
222	118	7	4	56	324608
216	118	7	4	56	324608
220	118	7	4	56	324608
216	114	7	4	56	324608
222	114	7	4	56	324608
206	114	7	4	56	324608
208	114	7	4	56	324608
216	118	7	4	56	324608
216	118	7	4	56	324608
208	118	7	4	56	324608
206	118	7	4	56	324608
218	114	7	4	56	324608
216	114	7	4	56	324608
208	114	7	4	56	324608
210	114	7	4	56	324608
220	118	7	4	56	324608
218	118	7	4	56	324608
210	118	7	4	56	324608
210	118	7	4	56	324608
218	114	7	4	56	324608
218	114	7	4	56	324608
216	118	7	4	56	324608
214	118	7	4	56	324608
220	114	7	4	56	324608
222	114	7	4	56	324608
222	114	7	4	56	324608
212	114	7	4	56	324608
216	118	7	4	56	324608
224	118	7	4	56	324608
214	118	7	4	56	324608
218	118	7	4	56	324608
226	114	7	4	56	324608
222	114	7	4	56	324608
216	114	7	4	56	324608
218	114	7	4	56	324608
222	118	7	4	56	324608
222	118	7	4	56	324608
212	114	7	4	56	324608
214	114	7	4	56	324608
212	118	7	4	56	324608
216	118	7	4	56	324608
212	118	7	4	56	324608
212	118	7	4	56	324608
212	114	7	4	56	324608
218	114	7	4	56	324608
216	114	7	4	56	324608
216	114	7	4	56	324608
218	118	7	4	56	324608
218	118	7	4	56	324608
212	118	7	4	56	324608
216	118	7	4	56	324608
214	114	7	4	56	324608
214	114	7	4	56	324608
214	118	7	4	56	324608
214	118	7	4	56	324608
216	114	7	4	56	324608
218	114	7	4	56	324608
216	114	7	4	56	324608
216	114	7	4	56	324608
214	118	7	4	56	324608
216	118	7	4	56	324608
218	118	7	4	56	324608
216	118	7	4	56	324608
216	114	7	4	56	324608
218	114	7	4	56	324608
216	114	7	4	56	324608
214	114	7	4	56	324608
212	118	7	4	56	324608
218	118	7	4	56	324608
220	118	7	4	56	324608
210	118	7	4	56	324608
220	114	7	4	56	324608
218	114	7	4	56	324608
218	114	7	4	56	324608
210	114	7	4	56	324608
218	118	7	4	56	324608
214	118	7	4	56	324608
220	118	7	4	56	324608
214	118	7	4	56	324608
220	114	7	4	56	324608
218	114	7	4	56	324608
220	114	7	4	56	324608
212	114	7	4	56	324608
224	118	7	4	56	324608
218	118	7	4	56	324608
222	114	7	4	56	324608
218	114	7	4	56	324608
222	118	7	4	56	324608
218	118	7	4	56	324608
220	118	7	4	56	324608
216	118	7	4	56	324608
218	114	7	4	56	324608
216	114	7	4	56	324608
224	114	7	4	56	324608
218	114	7	4	56	324608
224	118	7	4	56	324608
216	118	7	4	56	324608
220	118	7	4	56	324608
216	118	7	4	56	324608
222	114	7	4	56	324608
214	114	7	4	56	324608
204	114	7	4	56	324608
206	114	7	4	56	324608
202	118	7	4	56	324608
206	118	7	4	56	324608
204	118	7	4	56	324608
210	118	7	4	56	324608
208	114	7	4	56	324608
210	114	7	4	56	324608
206	114	7	4	56	324608
210	114	7	4	56	324608
204	118	7	4	56	324608
210	118	7	4	56	324608
214	118	7	4	56	324608
214	118	7	4	56	324608
212	114	7	4	56	324608
210	114	7	4	56	324608
202	118	7	4	56	324608
210	118	7	4	56	324608
204	114	7	4	56	324608
206	114	7	4	56	324608
206	114	7	4	56	324608
210	114	7	4	56	324608
208	118	7	4	56	324608
210	118	7	4	56	324608
208	118	7	4	56	324608
210	118	7	4	56	324608
210	114	7	4	56	324608
210	114	7	4	56	324608
216	114	7	4	56	324608
210	114	7	4	56	324608
220	118	7	4	56	324608
214	118	7	4	56	324608
206	118	7	4	56	324608
212	118	7	4	56	324608
210	114	7	4	56	324608
212	114	7	4	56	324608
210	114	7	4	56	324608
212	114	7	4	56	324608
210	118	7	4	56	324608
216	118	7	4	56	324608
210	118	7	4	56	324608
214	118	7	4	56	324608
210	114	7	4	56	324608
212	114	7	4	56	324608
214	114	7	4	56	324608
214	114	7	4	56	324608
210	118	7	4	56	324608
216	118	7	4	56	324608
206	114	7	4	56	324608
214	114	7	4	56	324608
206	118	7	4	56	324608
216	118	7	4	56	324608
210	118	7	4	56	324608
214	118	7	4	56	324608
210	114	7	4	56	324608
216	114	7	4	56	324608
210	114	7	4	56	324608
216	114	7	4	56	324608
210	118	7	4	56	324608
218	118	7	4	56	324608
210	118	7	4	56	324608
218	118	7	4	56	324608
214	114	7	4	56	324608
220	114	7	4	56	324608
202	114	7	4	56	324608
210	114	7	4	56	324608
202	118	7	4	56	324608
206	118	7	4	56	324608
210	118	7	4	56	324608
210	118	7	4	56	324608
210	114	7	4	56	324608
214	114	7	4	56	324608
210	114	7	4	56	324608
210	114	7	4	56	324608
210	118	7	4	56	324608
212	118	7	4	56	324608
206	118	7	4	56	324608
214	118	7	4	56	324608
214	114	7	4	56	324608
216	114	7	4	56	324608
204	118	7	4	56	324608
206	118	7	4	56	324608
202	114	7	4	56	324608
210	114	7	4	56	324608
210	114	7	4	56	324608
210	114	7	4	56	324608
214	118	7	4	56	324608
214	118	7	4	56	324608
212	118	7	4	56	324608
214	118	7	4	56	324608
210	114	7	4	56	324608
214	114	7	4	56	324608
216	114	7	4	56	324608
216	114	7	4	56	324608
210	118	7	4	56	324608
214	118	7	4	56	324608
210	118	7	4	56	324608
214	118	7	4	56	324608
206	114	7	4	56	324608
210	114	7	4	56	324608
214	114	7	4	56	324608
214	114	7	4	56	324608
210	118	7	4	56	324608
214	118	7	4	56	324608
210	118	7	4	56	324608
214	118	7	4	56	324608
210	114	7	4	56	324608
214	114	7	4	56	324608
210	114	7	4	56	324608
214	114	7	4	56	324608
216	118	7	4	56	324608
218	118	7	4	56	324608
206	114	7	4	56	324608
210	114	7	4	56	324608
210	118	7	4	56	324608
214	118	7	4	56	324608
210	118	7	4	56	324608
216	118	7	4	56	324608
214	114	7	4	56	324608
218	114	7	4	56	324608
214	114	7	4	56	324608
216	114	7	4	56	324608
214	118	7	4	56	324608
218	118	7	4	56	324608
216	118	7	4	56	324608
218	118	7	4	56	324608
214	114	7	4	56	324608
218	114	7	4	56	324608
220	114	7	4	56	324608
218	114	7	4	56	324608
222	118	7	4	56	324608
212	118	7	4	56	324608
212	118	7	4	56	324608
200	118	7	4	56	324608
218	114	7	4	56	324608
214	114	7	4	56	324608
222	114	7	4	56	324608
218	114	7	4	56	324608
218	118	7	4	56	324608
212	118	7	4	56	324608
214	118	7	4	56	324608
208	118	7	4	56	324608
216	114	7	4	56	324608
216	114	7	4	56	324608
220	118	7	4	56	324608
210	118	7	4	56	324608
216	114	7	4	56	324608
212	114	7	4	56	324608
220	114	7	4	56	324608
212	114	7	4	56	324608
222	118	7	4	56	324608
214	118	7	4	56	324608
220	118	7	4	56	324608
214	118	7	4	56	324608
216	114	7	4	56	324608
216	114	7	4	56	324608
216	114	7	4	56	324608
212	114	7	4	56	324608
222	118	7	4	56	324608
218	118	7	4	56	324608
210	118	7	4	56	324608
210	118	7	4	56	324608
220	114	7	4	56	324608
222	114	7	4	56	324608
216	114	7	4	56	324608
220	114	7	4	56	324608
218	118	7	4	56	324608
218	118	7	4	56	324608
214	118	7	4	56	324608
212	118	7	4	56	324608
220	114	7	4	56	324608
218	114	7	4	56	324608
220	114	7	4	56	324608
218	114	7	4	56	324608
222	118	7	4	56	324608
218	118	7	4	56	324608
214	114	7	4	56	324608
220	114	7	4	56	324608
220	118	7	4	56	324608
220	118	7	4	56	324608
216	118	7	4	56	324608
220	118	7	4	56	324608
214	114	7	4	56	324608
218	114	7	4	56	324608
218	114	7	4	56	324608
220	114	7	4	56	324608
220	118	7	4	56	324608
224	118	7	4	56	324608
220	118	7	4	56	324608
220	118	7	4	56	324608
214	114	7	4	56	324608
212	114	7	4	56	324608
210	118	7	4	56	324608
204	118	7	4	56	324608
210	114	7	4	56	324608
214	114	7	4	56	324608
206	114	7	4	56	324608
204	114	7	4	56	324608
214	118	7	4	56	324608
208	118	7	4	56	324608
206	118	7	4	56	324608
206	118	7	4	56	324608
210	114	7	4	56	324608
214	114	7	4	56	324608
206	114	7	4	56	324608
206	114	7	4	56	324608
216	118	7	4	56	324608
210	118	7	4	56	324608
210	114	7	4	56	324608
210	114	7	4	56	324608
206	118	7	4	56	324608
212	118	7	4	56	324608
212	118	7	4	56	324608
214	118	7	4	56	324608
212	114	7	4	56	324608
218	114	7	4	56	324608
214	114	7	4	56	324608
212	114	7	4	56	324608
212	118	7	4	56	324608
214	118	7	4	56	324608
216	118	7	4	56	324608
216	118	7	4	56	324608
220	114	7	4	56	324608
218	114	7	4	56	324608
206	114	7	4	56	324608
208	114	7	4	56	324608
208	118	7	4	56	324608
216	118	7	4	56	324608
206	118	7	4	56	324608
210	118	7	4	56	324608
210	114	7	4	56	324608
218	114	7	4	56	324608
206	114	7	4	56	324608
210	114	7	4	56	324608
214	118	7	4	56	324608
218	118	7	4	56	324608
206	118	7	4	56	324608
212	118	7	4	56	324608
214	114	7	4	56	324608
222	114	7	4	56	324608
214	118	7	4	56	324608
216	118	7	4	56	324608
216	114	7	4	56	324608
224	114	7	4	56	324608
214	114	7	4	56	324608
218	114	7	4	56	324608
216	118	7	4	56	324608
222	118	7	4	56	324608
212	118	7	4	56	324608
218	118	7	4	56	324608
214	114	7	4	56	324608
224	114	7	4	56	324608
212	114	7	4	56	324608
220	114	7	4	56	324608
218	118	7	4	56	324608
224	118	7	4	56	324608
222	118	7	4	56	324608
216	118	7	4	56	324608
210	114	7	4	56	324608
214	114	7	4	56	324608
226	114	7	4	56	324608
210	114	7	4	56	324608
220	118	7	4	56	324608
220	118	7	4	56	324608
216	118	7	4	56	324608
200	118	7	4	56	324608
212	114	7	4	56	324608
212	114	7	4	56	324608
224	114	7	4	56	324608
218	114	7	4	56	324608
212	118	7	4	56	324608
216	118	7	4	56	324608
222	114	7	4	56	324608
216	114	7	4	56	324608
216	118	7	4	56	324608
214	118	7	4	56	324608
224	118	7	4	56	324608
216	118	7	4	56	324608
220	114	7	4	56	324608
218	114	7	4	56	324608
214	114	7	4	56	324608
204	114	7	4	56	324608
210	118	7	4	56	324608
208	118	7	4	56	324608
220	118	7	4	56	324608
214	118	7	4	56	324608
216	114	7	4	56	324608
214	114	7	4	56	324608
222	114	7	4	56	324608
220	114	7	4	56	324608
218	118	7	4	56	324608
212	118	7	4	56	324608
222	118	7	4	56	324608
222	118	7	4	56	324608
220	114	7	4	56	324608
222	114	7	4	56	324608
214	114	7	4	56	324608
216	114	7	4	56	324608
218	118	7	4	56	324608
216	118	7	4	56	324608
216	118	7	4	56	324608
222	118	7	4	56	324608
216	114	7	4	56	324608
214	114	7	4	56	324608
220	118	7	4	56	324608
220	118	7	4	56	324608
216	114	7	4	56	324608
214	114	7	4	56	324608
224	114	7	4	56	324608
220	114	7	4	56	324608
220	118	7	4	56	324608
220	118	7	4	56	324608
216	118	7	4	56	324608
212	118	7	4	56	324608
214	114	7	4	56	324608
214	114	7	4	56	324608
220	114	7	4	56	324608
218	114	7	4	56	324608
216	118	7	4	56	324608
210	118	7	4	56	324608
222	118	7	4	56	324608
210	118	7	4	56	324608
218	114	7	4	56	324608
216	114	7	4	56	324608
220	114	7	4	56	324608
212	114	7	4	56	324608
216	118	7	4	56	324608
218	118	7	4	56	324608
212	118	7	4	56	324608
218	118	7	4	56	324608
216	114	7	4	56	324608
214	114	7	4	56	324608
212	114	7	4	56	324608
218	114	7	4	56	324608
218	118	7	4	56	324608
220	118	7	4	56	324608
220	114	7	4	56	324608
216	114	7	4	56	324608
214	118	7	4	56	324608
218	118	7	4	56	324608
216	118	7	4	56	324608
220	118	7	4	56	324608
216	114	7	4	56	324608
220	114	7	4	56	324608
216	114	7	4	56	324608
218	114	7	4	56	324608
220	118	7	4	56	324608
212	118	7	4	56	324608
218	118	7	4	56	324608
222	118	7	4	56	324608
222	114	7	4	56	324608
214	114	7	4	56	324608
214	114	7	4	56	324608
210	114	7	4	56	324608
210	118	7	4	56	324608
218	118	7	4	56	324608
218	118	7	4	56	324608
214	118	7	4	56	324608
210	114	7	4	56	324608
220	114	7	4	56	324608
200	114	7	4	56	324608
222	114	7	4	56	324608
208	118	7	4	56	324608
218	118	7	4	56	324608
210	118	7	4	56	324608
216	118	7	4	56	324608
214	114	7	4	56	324608
216	114	7	4	56	324608
208	118	7	4	56	324608
218	118	7	4	56	324608
212	114	7	4	56	324608
220	114	7	4	56	324608
210	114	7	4	56	324608
220	114	7	4	56	324608
210	118	7	4	56	324608
222	118	7	4	56	324608
212	118	7	4	56	324608
214	118	7	4	56	324608
216	114	7	4	56	324608
214	114	7	4	56	324608
216	114	7	4	56	324608
216	114	7	4	56	324608
218	118	7	4	56	324608
212	118	7	4	56	324608
200	118	7	4	56	324608
220	118	7	4	56	324608
208	114	7	4	56	324608
220	114	7	4	56	324608
210	114	7	4	56	324608
222	114	7	4	56	324608
212	118	7	4	56	324608
226	118	7	4	56	324608
212	118	7	4	56	324608
226	118	7	4	56	324608
210	114	7	4	56	324608
228	114	7	4	56	324608
210	114	7	4	56	324608
222	114	7	4	56	324608
212	118	7	4	56	324608
226	118	7	4	56	324608
206	114	7	4	56	324608
218	114	7	4	56	324608
208	118	7	4	56	324608
220	118	7	4	56	324608
212	118	7	4	56	324608
226	118	7	4	56	324608
214	114	7	4	56	324608
222	114	7	4	56	324608
210	114	7	4	56	324608
224	114	7	4	56	324608
216	118	7	4	56	324608
226	118	7	4	56	324608
212	118	7	4	56	324608
228	118	7	4	56	324608
214	114	7	4	56	324608
226	114	7	4	56	324608
220	114	7	4	56	324608
220	114	7	4	56	324608
218	118	7	4	56	324608
216	118	7	4	56	324608
226	118	7	4	56	324608
222	118	7	4	56	324608
224	114	7	4	56	324608
226	114	7	4	56	324608
222	114	7	4	56	324608
220	114	7	4	56	324608
226	118	7	4	56	324608
226	118	7	4	56	324608
222	118	7	4	56	324608
226	118	7	4	56	324608
228	114	7	4	56	324608
232	114	7	4	56	324608
220	118	7	4	56	324608
218	118	7	4	56	324608
220	114	7	4	56	324608
220	114	7	4	56	324608
228	114	7	4	56	324608
226	114	7	4	56	324608
226	118	7	4	56	324608
224	118	7	4	56	324608
226	118	7	4	56	324608
226	118	7	4	56	324608
226	114	7	4	56	324608
224	114	7	4	56	324608
228	114	7	4	56	324608
232	114	7	4	56	324608
226	118	7	4	56	324608
230	118	7	4	56	324608
224	114	7	4	56	324608
222	114	7	4	56	324608
220	118	7	4	56	324608
222	118	7	4	56	324608
220	118	7	4	56	324608
214	118	7	4	56	324608
216	114	7	4	56	324608
214	114	7	4	56	324608
226	114	7	4	56	324608
220	114	7	4	56	324608
224	118	7	4	56	324608
224	118	7	4	56	324608
224	118	7	4	56	324608
216	118	7	4	56	324608
220	114	7	4	56	324608
218	114	7	4	56	324608
216	118	7	4	56	324608
220	118	7	4	56	324608
218	114	7	4	56	324608
218	114	7	4	56	324608
212	114	7	4	56	324608
216	114	7	4	56	324608
212	118	7	4	56	324608
214	118	7	4	56	324608
224	118	7	4	56	324608
220	118	7	4	56	324608
222	114	7	4	56	324608
220	114	7	4	56	324608
214	114	7	4	56	324608
214	114	7	4	56	324608
216	118	7	4	56	324608
216	118	7	4	56	324608
216	118	7	4	56	324608
220	118	7	4	56	324608
216	114	7	4	56	324608
218	114	7	4	56	324608
202	114	7	4	56	324608
216	114	7	4	56	324608
204	118	7	4	56	324608
212	118	7	4	56	324608
212	118	7	4	56	324608
224	118	7	4	56	324608
218	114	7	4	56	324608
218	114	7	4	56	324608
218	114	7	4	56	324608
218	114	7	4	56	324608
216	118	7	4	56	324608
220	118	7	4	56	324608
212	114	7	4	56	324608
214	114	7	4	56	324608
212	118	7	4	56	324608
216	118	7	4	56	324608
208	118	7	4	56	324608
216	118	7	4	56	324608
206	114	7	4	56	324608
214	114	7	4	56	324608
220	114	7	4	56	324608
222	114	7	4	56	324608
216	118	7	4	56	324608
220	118	7	4	56	324608
216	118	7	4	56	324608
216	118	7	4	56	324608
214	114	7	4	56	324608
210	114	7	4	56	324608
230	114	7	4	56	324608
224	114	7	4	56	324608
232	118	7	4	56	324608
228	118	7	4	56	324608
226	118	7	4	56	324608
228	118	7	4	56	324608
232	114	7	4	56	324608
228	114	7	4	56	324608
224	114	7	4	56	324608
224	114	7	4	56	324608
232	118	7	4	56	324608
228	118	7	4	56	324608
228	118	7	4	56	324608
228	118	7	4	56	324608
232	114	7	4	56	324608
228	114	7	4	56	324608
232	118	7	4	56	324608
226	118	7	4	56	324608
228	114	7	4	56	324608
226	114	7	4	56	324608
230	114	7	4	56	324608
226	114	7	4	56	324608
230	118	7	4	56	324608
224	118	7	4	56	324608
232	118	7	4	56	324608
228	118	7	4	56	324608
228	114	7	4	56	324608
224	114	7	4	56	324608
232	114	7	4	56	324608
226	114	7	4	56	324608
228	118	7	4	56	324608
226	118	7	4	56	324608
224	118	7	4	56	324608
226	118	7	4	56	324608
228	114	7	4	56	324608
226	114	7	4	56	324608
224	114	7	4	56	324608
226	114	7	4	56	324608
228	118	7	4	56	324608
226	118	7	4	56	324608
228	118	7	4	56	324608
224	118	7	4	56	324608
226	114	7	4	56	324608
230	114	7	4	56	324608
226	114	7	4	56	324608
218	114	7	4	56	324608
226	118	7	4	56	324608
226	118	7	4	56	324608
228	114	7	4	56	324608
226	114	7	4	56	324608
226	118	7	4	56	324608
224	118	7	4	56	324608
226	118	7	4	56	324608
230	118	7	4	56	324608
224	114	7	4	56	324608
226	114	7	4	56	324608
230	114	7	4	56	324608
224	114	7	4	56	324608
226	118	7	4	56	324608
226	118	7	4	56	324608
226	118	7	4	56	324608
226	118	7	4	56	324608
226	114	7	4	56	324608
226	114	7	4	56	324608
