NL,NL2,LD,deg,AI,maxAC,sigma,lp,dp,nlmax,ldmax,typenl
0,-1,0,1,1,256,4278190080,1,1,116.6862915,136,3
Fixed Points, Negated Fixed Points
[[0 0 0 0 0 0 0 0]
[0 0 0 1 0 0 0 1]
[0 0 1 0 0 0 1 0]
[0 0 1 1 0 0 1 1]
[0 1 0 0 0 1 0 0]
[0 1 0 1 0 1 0 1]
[0 1 1 0 0 1 1 0]
[0 1 1 1 0 1 1 1]
[1 0 0 0 1 0 0 0]
[1 0 0 1 1 0 0 1]
[1 0 1 0 1 0 1 0]
[1 0 1 1 1 0 1 1]
[1 1 0 0 1 1 0 0]
[1 1 0 1 1 1 0 1]
[1 1 1 0 1 1 1 0]
],[[0 0 0 0 1 1 1 0]
[0 0 0 1 1 1 1 1]
[0 0 1 0 1 1 0 0]
[0 0 1 1 1 1 0 1]
[0 1 0 0 1 0 1 0]
[0 1 0 1 1 0 1 1]
[0 1 1 0 1 0 0 0]
[0 1 1 1 1 0 0 1]
[1 0 0 0 0 1 1 0]
[1 0 0 1 0 1 1 1]
[1 0 1 0 0 1 0 0]
[1 0 1 1 0 1 0 1]
[1 1 0 0 0 0 1 0]
[1 1 0 1 0 0 1 1]
[1 1 1 0 0 0 0 0]
[1 1 1 1 0 0 0 1]
]

CI,Balancedness,PC
0,-1,0
