[[4096 0 0 0 0 0 0 0 0 0 0 0 0 0 0 0]
[0 0 0 512 0 0 0 512 0 512 1024 0 1024 512 0 0]
[0 0 0 512 0 1536 512 512 0 512 0 0 0 0 512 0]
[0 0 512 0 512 0 0 0 0 1024 512 0 512 0 0 1024]
[0 0 0 512 0 0 1536 0 0 512 0 1024 512 0 0 0]
[0 1024 0 0 0 512 512 0 0 0 1024 0 512 0 0 512]
[0 0 0 1024 0 1024 0 0 0 0 0 0 512 512 512 512]
[0 0 512 512 512 0 512 0 0 512 512 0 0 0 0 1024]
[0 0 0 0 0 0 512 512 0 0 0 1024 0 1024 512 512]
[0 512 0 0 512 0 0 1024 512 0 512 512 512 0 0 0]
[0 512 512 0 0 0 0 0 1536 0 0 512 0 0 1024 0]
[0 0 2048 0 0 512 0 512 0 0 0 0 0 512 0 512]
[0 512 0 0 512 512 512 0 0 0 0 512 0 1536 0 0]
[0 1024 0 0 0 0 0 1024 512 0 512 0 512 0 512 0]
[0 0 512 1024 512 0 0 0 1536 0 0 0 0 0 512 0]
[0 512 0 0 1536 0 0 0 0 1024 0 512 0 0 512 0]
]
